5.000000000000000000e+01
5.015707859913897693e+01
5.031415099708381433e+01
5.047121099288520440e+01
5.062825238608343881e+01
5.078526897695320486e+01
5.094225456674836039e+01
5.109920295794662337e+01
5.125610795449424018e+01
5.141296336205061124e+01
5.156976298823283145e+01
5.172650064286014526e+01
5.188317013819831658e+01
5.203976528920394173e+01
5.219627991376857779e+01
5.235270783296285657e+01
5.250904287128037140e+01
5.266527885688149979e+01
5.282140962183704147e+01
5.297742900237174268e+01
5.313333083910760735e+01
5.328910897730706608e+01
5.344475726711595343e+01
5.360026956380630736e+01
5.375563972801892731e+01
5.391086162600576870e+01
5.406592912987208877e+01
5.422083611781834378e+01
5.437557647438190145e+01
5.453014409067843360e+01
5.468453286464311702e+01
5.483873670127150746e+01
5.499274951286017199e+01
5.514656521924703014e+01
5.530017774805136810e+01
5.545358103491356161e+01
5.560676902373452890e+01
5.575973566691476435e+01
5.591247492559311638e+01
5.606498076988518164e+01
5.621724717912137237e+01
5.636926814208455028e+01
5.652103765724742601e+01
5.667254973300939014e+01
5.682379838793313098e+01
5.697477765098073377e+01
5.712548156174940317e+01
5.727590417070679507e+01
5.742603953942587225e+01
5.757588174081934795e+01
5.772542485937368184e+01
5.787466299138262116e+01
5.802359024518023745e+01
5.817220074137355823e+01
5.832048861307466581e+01
5.846844800613228443e+01
5.861607307936292699e+01
5.876335800478147320e+01
5.891029696783127179e+01
5.905688416761363868e+01
5.920311381711695020e+01
5.934898014344501149e+01
5.949447738804502706e+01
5.963959980693491048e+01
5.978434167093006124e+01
5.992869726586951629e+01
6.007266089284156863e+01
6.021622686840872518e+01
6.035938952483210329e+01
6.050214321029515929e+01
6.064448228912681316e+01
6.078640114202397626e+01
6.092789416627331889e+01
6.106895577597254032e+01
6.120958040225080765e+01
6.134976249348866872e+01
6.148949651553719775e+01
6.162877695193645877e+01
6.176759830413331542e+01
6.190595509169848043e+01
6.204384185254288298e+01
6.218125314313330421e+01
6.231818353870728799e+01
6.245462763348727009e+01
6.259058004089401805e+01
6.272603539375928250e+01
6.286098834453765960e+01
6.299543356551773599e+01
6.312936574903238807e+01
6.326277960766834951e+01
6.339566987447491897e+01
6.352803130317189328e+01
6.365985866835672624e+01
6.379114676571075648e+01
6.392189041220469647e+01
6.405208444630326881e+01
6.418172372816891880e+01
6.431080313986477393e+01
6.443931758555669376e+01
6.456726199171440328e+01
6.469463130731182332e+01
6.482142050402647726e+01
6.494762457643797404e+01
6.507323854222562431e+01
6.519825744236513287e+01
6.532267634132441003e+01
6.544649032725835980e+01
6.556969451220281542e+01
6.569228403226750856e+01
6.581425404782811484e+01
6.593559974371724763e+01
6.605631632941461362e+01
6.617639903923610234e+01
6.629584313252196637e+01
6.641464389382390721e+01
6.653279663309129432e+01
6.665029668585628997e+01
6.676713941341799341e+01
6.688332020302560466e+01
6.699883446806047971e+01
6.711367764821721948e+01
6.722784520968370714e+01
6.734133264532012220e+01
6.745413547483681782e+01
6.756624924497123175e+01
6.767766952966368876e+01
6.778839193023213738e+01
6.789841207554577807e+01
6.800772562219766826e+01
6.811632825467616215e+01
6.822421568553528459e+01
6.833138365556399663e+01
6.843782793395435249e+01
6.854354431846847717e+01
6.864852863560454921e+01
6.875277674076149026e+01
6.885628451840258890e+01
6.895904788221804438e+01
6.906106277528618875e+01
6.916232517023374271e+01
6.926283106939473555e+01
6.936257650496834515e+01
6.946155753917558684e+01
6.955977026441470912e+01
6.965721080341546667e+01
6.975387530939225655e+01
6.984975996619587590e+01
6.994486098846427069e+01
7.003917462177190600e+01
7.013269714277805633e+01
7.022542485937368895e+01
7.031735411082735254e+01
7.040848126792960215e+01
7.049880273313630141e+01
7.058831494071068846e+01
7.067701435686404920e+01
7.076489747989531054e+01
7.085196084032928354e+01
7.093820100105354243e+01
7.102361455745422347e+01
7.110819813755037444e+01
7.119194840212708186e+01
7.127486204486729093e+01
7.135693579248237484e+01
7.143816640484129721e+01
7.151855067509859509e+01
7.159808542982088397e+01
7.167676752911225435e+01
7.175459386673813356e+01
7.183156137024801069e+01
7.190766700109659837e+01
7.198290775476391445e+01
7.205728066087382899e+01
7.213078278331137483e+01
7.220341122033860870e+01
7.227516310470919336e+01
7.234603560378158704e+01
7.241602591963089708e+01
7.248513128915928405e+01
7.255334898420507272e+01
7.262067631165048454e+01
7.268711061352792058e+01
7.275264926712489455e+01
7.281728968508757305e+01
7.288102931552293740e+01
7.294386564209952439e+01
7.300579618414676020e+01
7.306681849675287310e+01
7.312693017086145630e+01
7.318612883336653852e+01
7.324441214720629034e+01
7.330177781145528115e+01
7.335822356141530065e+01
7.341374716870481620e+01
7.346834644134685277e+01
7.352201922385563648e+01
7.357476339732161819e+01
7.362657687949511853e+01
7.367745762486860883e+01
7.372740362475735765e+01
7.377641290737884106e+01
7.382448353793047602e+01
7.387161361866607479e+01
7.391780128897076452e+01
7.396304472543440056e+01
7.400734214192357285e+01
7.405069178965214860e+01
7.409309195725023756e+01
7.413454097083184990e+01
7.417503719406087725e+01
7.421457902821578045e+01
7.425316491225264315e+01
7.429079332286684689e+01
7.432746277455316886e+01
7.436317181966443002e+01
7.439791904846867965e+01
7.443170308920483080e+01
7.446452260813680368e+01
7.449637630960617685e+01
7.452726293608336050e+01
7.455718126821722080e+01
7.458613012488324046e+01
7.461410836323013029e+01
7.464111487872494877e+01
7.466714860519670083e+01
7.469220851487844470e+01
7.471629361844784967e+01
7.473940296506627590e+01
7.476153564241627691e+01
7.478269077673766674e+01
7.480286753286193857e+01
7.482206511424534767e+01
7.484028276300020366e+01
7.485751975992496909e+01
7.487377542453251067e+01
7.488904911507700035e+01
7.490334022857931018e+01
7.491664820085074439e+01
7.492897250651535046e+01
7.494031265903063854e+01
7.495066821070679453e+01
7.496003875272437256e+01
7.496842391515043857e+01
7.497582336695312222e+01
7.498223681601473345e+01
7.498766400914328756e+01
7.499210473208249539e+01
7.499555880952021880e+01
7.499802610509540557e+01
7.499950652140343266e+01
7.500000000000000000e+01
7.499950652140343266e+01
7.499802610509540557e+01
7.499555880952021880e+01
7.499210473208249539e+01
7.498766400914328756e+01
7.498223681601473345e+01
7.497582336695312222e+01
7.496842391515043857e+01
7.496003875272437256e+01
7.495066821070679453e+01
7.494031265903063854e+01
7.492897250651535046e+01
7.491664820085074439e+01
7.490334022857931018e+01
7.488904911507700035e+01
7.487377542453251067e+01
7.485751975992496909e+01
7.484028276300020366e+01
7.482206511424534767e+01
7.480286753286193857e+01
7.478269077673766674e+01
7.476153564241627691e+01
7.473940296506627590e+01
7.471629361844784967e+01
7.469220851487844470e+01
7.466714860519670083e+01
7.464111487872494877e+01
7.461410836323014450e+01
7.458613012488324046e+01
7.455718126821722080e+01
7.452726293608336050e+01
7.449637630960617685e+01
7.446452260813680368e+01
7.443170308920483080e+01
7.439791904846867965e+01
7.436317181966443002e+01
7.432746277455316886e+01
7.429079332286684689e+01
7.425316491225264315e+01
7.421457902821578045e+01
7.417503719406087725e+01
7.413454097083184990e+01
7.409309195725023756e+01
7.405069178965214860e+01
7.400734214192357285e+01
7.396304472543440056e+01
7.391780128897076452e+01
7.387161361866607479e+01
7.382448353793047602e+01
7.377641290737884106e+01
7.372740362475735765e+01
7.367745762486860883e+01
7.362657687949511853e+01
7.357476339732161819e+01
7.352201922385563648e+01
7.346834644134685277e+01
7.341374716870480199e+01
7.335822356141530065e+01
7.330177781145528115e+01
7.324441214720627613e+01
7.318612883336653852e+01
7.312693017086145630e+01
7.306681849675287310e+01
7.300579618414676020e+01
7.294386564209952439e+01
7.288102931552293740e+01
7.281728968508757305e+01
7.275264926712489455e+01
7.268711061352792058e+01
7.262067631165048454e+01
7.255334898420507272e+01
7.248513128915928405e+01
7.241602591963089708e+01
7.234603560378160125e+01
7.227516310470919336e+01
7.220341122033860870e+01
7.213078278331138904e+01
7.205728066087382899e+01
7.198290775476391445e+01
7.190766700109659837e+01
7.183156137024801069e+01
7.175459386673813356e+01
7.167676752911225435e+01
7.159808542982088397e+01
7.151855067509859509e+01
7.143816640484129721e+01
7.135693579248238905e+01
7.127486204486729093e+01
7.119194840212708186e+01
7.110819813755037444e+01
7.102361455745423768e+01
7.093820100105354243e+01
7.085196084032928354e+01
7.076489747989532475e+01
7.067701435686404920e+01
7.058831494071068846e+01
7.049880273313630141e+01
7.040848126792960215e+01
7.031735411082735254e+01
7.022542485937368895e+01
7.013269714277805633e+01
7.003917462177192021e+01
6.994486098846427069e+01
6.984975996619587590e+01
6.975387530939227076e+01
6.965721080341546667e+01
6.955977026441470912e+01
6.946155753917558684e+01
6.936257650496834515e+01
6.926283106939473555e+01
6.916232517023374271e+01
6.906106277528618875e+01
6.895904788221804438e+01
6.885628451840260311e+01
6.875277674076147605e+01
6.864852863560454921e+01
6.854354431846847717e+01
6.843782793395435249e+01
6.833138365556399663e+01
6.822421568553529880e+01
6.811632825467616215e+01
6.800772562219768247e+01
6.789841207554577807e+01
6.778839193023212317e+01
6.767766952966368876e+01
6.756624924497123175e+01
6.745413547483681782e+01
6.734133264532012220e+01
6.722784520968372135e+01
6.711367764821721948e+01
6.699883446806047971e+01
6.688332020302561887e+01
6.676713941341800762e+01
6.665029668585628997e+01
6.653279663309129432e+01
6.641464389382390721e+01
6.629584313252196637e+01
6.617639903923611655e+01
6.605631632941461362e+01
6.593559974371724763e+01
6.581425404782811484e+01
6.569228403226750856e+01
6.556969451220281542e+01
6.544649032725837401e+01
6.532267634132441003e+01
6.519825744236513287e+01
6.507323854222562431e+01
6.494762457643795983e+01
6.482142050402649147e+01
6.469463130731182332e+01
6.456726199171440328e+01
6.443931758555669376e+01
6.431080313986478814e+01
6.418172372816890459e+01
6.405208444630326881e+01
6.392189041220470358e+01
6.379114676571074938e+01
6.365985866835673335e+01
6.352803130317190039e+01
6.339566987447491897e+01
6.326277960766834951e+01
6.312936574903240228e+01
6.299543356551772888e+01
6.286098834453766671e+01
6.272603539375928960e+01
6.259058004089401095e+01
6.245462763348727009e+01
6.231818353870728799e+01
6.218125314313330421e+01
6.204384185254288298e+01
6.190595509169848754e+01
6.176759830413330832e+01
6.162877695193646588e+01
6.148949651553719775e+01
6.134976249348866872e+01
6.120958040225080765e+01
6.106895577597254032e+01
6.092789416627331889e+01
6.078640114202396916e+01
6.064448228912682026e+01
6.050214321029515219e+01
6.035938952483211040e+01
6.021622686840872518e+01
6.007266089284156863e+01
5.992869726586951629e+01
5.978434167093006835e+01
5.963959980693491048e+01
5.949447738804502706e+01
5.934898014344501860e+01
5.920311381711694310e+01
5.905688416761364579e+01
5.891029696783127179e+01
5.876335800478147320e+01
5.861607307936292699e+01
5.846844800613229154e+01
5.832048861307465870e+01
5.817220074137357244e+01
5.802359024518024455e+01
5.787466299138261405e+01
5.772542485937368895e+01
5.757588174081935506e+01
5.742603953942587225e+01
5.727590417070679507e+01
5.712548156174941028e+01
5.697477765098072666e+01
5.682379838793313809e+01
5.667254973300939014e+01
5.652103765724742601e+01
5.636926814208455738e+01
5.621724717912137237e+01
5.606498076988518164e+01
5.591247492559311638e+01
5.575973566691477146e+01
5.560676902373452890e+01
5.545358103491356871e+01
5.530017774805136810e+01
5.514656521924703725e+01
5.499274951286017910e+01
5.483873670127151456e+01
5.468453286464311702e+01
5.453014409067843360e+01
5.437557647438190855e+01
5.422083611781834378e+01
5.406592912987209587e+01
5.391086162600577580e+01
5.375563972801892731e+01
5.360026956380630736e+01
5.344475726711596053e+01
5.328910897730705898e+01
5.313333083910761445e+01
5.297742900237174979e+01
5.282140962183703436e+01
5.266527885688149979e+01
5.250904287128037140e+01
5.235270783296285657e+01
5.219627991376857779e+01
5.203976528920394884e+01
5.188317013819831658e+01
5.172650064286015237e+01
5.156976298823283855e+01
5.141296336205060413e+01
5.125610795449424018e+01
5.109920295794662337e+01
5.094225456674836039e+01
5.078526897695320486e+01
5.062825238608344591e+01
5.047121099288519730e+01
5.031415099708382144e+01
5.015707859913897693e+01
5.000000000000000000e+01
4.984292140086103018e+01
4.968584900291618567e+01
4.952878900711479560e+01
4.937174761391656119e+01
4.921473102304680225e+01
4.905774543325163251e+01
4.890079704205338373e+01
4.874389204550576693e+01
4.858703663794938876e+01
4.843023701176716855e+01
4.827349935713986895e+01
4.811682986180168342e+01
4.796023471079605827e+01
4.780372008623142932e+01
4.764729216703713632e+01
4.749095712871962860e+01
4.733472114311850731e+01
4.717859037816295853e+01
4.702257099762825732e+01
4.686666916089240686e+01
4.671089102269293392e+01
4.655524273288405368e+01
4.639973043619369975e+01
4.624436027198106558e+01
4.608913837399423130e+01
4.593407087012791123e+01
4.577916388218165622e+01
4.562442352561809855e+01
4.546985590932157351e+01
4.531546713535688298e+01
4.516126329872849965e+01
4.500725048713982801e+01
4.485343478075296986e+01
4.469982225194863901e+01
4.454641896508643839e+01
4.439323097626547110e+01
4.424026433308523565e+01
4.408752507440689072e+01
4.393501923011481125e+01
4.378275282087863474e+01
4.363073185791544972e+01
4.347896234275258109e+01
4.332745026699060986e+01
4.317620161206686902e+01
4.302522234901926623e+01
4.287451843825059683e+01
4.272409582929321203e+01
4.257396046057412065e+01
4.242411825918065915e+01
4.227457514062631816e+01
4.212533700861737884e+01
4.197640975481976255e+01
4.182779925862644888e+01
4.167951138692533419e+01
4.153155199386771557e+01
4.138392692063708012e+01
4.123664199521851970e+01
4.108970303216873532e+01
4.094311583238636132e+01
4.079688618288304980e+01
4.065101985655498851e+01
4.050552261195498005e+01
4.036040019306508242e+01
4.021565832906994586e+01
4.007130273413049082e+01
3.992733910715843137e+01
3.978377313159127482e+01
3.964061047516789671e+01
3.949785678970484071e+01
3.935551771087318684e+01
3.921359885797603795e+01
3.907210583372667401e+01
3.893104422402746678e+01
3.879041959774919945e+01
3.865023750651133128e+01
3.851050348446280225e+01
3.837122304806354123e+01
3.823240169586668458e+01
3.809404490830151957e+01
3.795615814745712413e+01
3.781874685686668869e+01
3.768181646129271201e+01
3.754537236651273702e+01
3.740941995910598195e+01
3.727396460624071750e+01
3.713901165546234751e+01
3.700456643448225691e+01
3.687063425096760483e+01
3.673722039233165049e+01
3.660433012552508103e+01
3.647196869682810672e+01
3.634014133164327376e+01
3.620885323428924352e+01
3.607810958779530353e+01
3.594791555369674541e+01
3.581827627183108831e+01
3.568919686013523318e+01
3.556068241444331335e+01
3.543273800828559672e+01
3.530536869268817668e+01
3.517857949597352274e+01
3.505237542356202596e+01
3.492676145777438279e+01
3.480174255763487423e+01
3.467732365867558286e+01
3.455350967274164731e+01
3.443030548779719169e+01
3.430771596773249144e+01
3.418574595217189227e+01
3.406440025628275947e+01
3.394368367058538638e+01
3.382360096076389055e+01
3.370415686747803363e+01
3.358535610617608569e+01
3.346720336690870568e+01
3.334970331414371003e+01
3.323286058658200659e+01
3.311667979697439534e+01
3.300116553193952029e+01
3.288632235178278052e+01
3.277215479031629286e+01
3.265866735467987780e+01
3.254586452516318218e+01
3.243375075502876825e+01
3.232233047033631124e+01
3.221160806976786972e+01
3.210158792445422193e+01
3.199227437780233529e+01
3.188367174532383430e+01
3.177578431446471185e+01
3.166861634443600337e+01
3.156217206604564751e+01
3.145645568153152283e+01
3.135147136439544724e+01
3.124722325923851329e+01
3.114371548159740755e+01
3.104095211778196273e+01
3.093893722471380414e+01
3.083767482976626084e+01
3.073716893060526445e+01
3.063742349503165840e+01
3.053844246082440961e+01
3.044022973558529799e+01
3.034278919658453688e+01
3.024612469060773989e+01
3.015024003380412410e+01
3.005513901153572220e+01
2.996082537822809044e+01
2.986730285722194722e+01
2.977457514062631816e+01
2.968264588917264746e+01
2.959151873207040140e+01
2.950119726686368438e+01
2.941168505928931509e+01
2.932298564313596145e+01
2.923510252010469301e+01
2.914803915967070935e+01
2.906179899894645402e+01
2.897638544254577297e+01
2.889180186244962911e+01
2.880805159787291814e+01
2.872513795513270907e+01
2.864306420751761806e+01
2.856183359515868503e+01
2.848144932490140491e+01
2.840191457017911958e+01
2.832323247088775631e+01
2.824540613326185934e+01
2.816843862975198931e+01
2.809233299890340874e+01
2.801709224523609620e+01
2.794271933912616390e+01
2.786921721668862162e+01
2.779658877966139485e+01
2.772483689529079243e+01
2.765396439621840230e+01
2.758397408036910292e+01
2.751486871084073016e+01
2.744665101579492728e+01
2.737932368834951546e+01
2.731288938647207587e+01
2.724735073287511256e+01
2.718271031491242695e+01
2.711897068447706260e+01
2.705613435790047561e+01
2.699420381585323980e+01
2.693318150324712335e+01
2.687306982913854725e+01
2.681387116663347214e+01
2.675558785279371321e+01
2.669822218854472951e+01
2.664177643858470645e+01
2.658625283129519445e+01
2.653165355865314723e+01
2.647798077614436352e+01
2.642523660267839247e+01
2.637342312050487791e+01
2.632254237513139472e+01
2.627259637524263169e+01
2.622358709262116250e+01
2.617551646206952398e+01
2.612838638133392521e+01
2.608219871102924259e+01
2.603695527456561010e+01
2.599265785807642004e+01
2.594930821034785140e+01
2.590690804274975889e+01
2.586545902916815010e+01
2.582496280593912630e+01
2.578542097178422665e+01
2.574683508774735685e+01
2.570920667713314955e+01
2.567253722544683470e+01
2.563682818033557353e+01
2.560208095153131325e+01
2.556829691079516564e+01
2.553547739186319632e+01
2.550362369039383026e+01
2.547273706391664660e+01
2.544281873178278275e+01
2.541386987511675954e+01
2.538589163676986971e+01
2.535888512127504768e+01
2.533285139480329562e+01
2.530779148512155885e+01
2.528370638155214678e+01
2.526059703493372766e+01
2.523846435758371953e+01
2.521730922326233681e+01
2.519713246713805432e+01
2.517793488575465588e+01
2.515971723699978924e+01
2.514248024007503091e+01
2.512622457546749644e+01
2.511095088492299965e+01
2.509665977142068627e+01
2.508335179914925206e+01
2.507102749348465309e+01
2.505968734096936856e+01
2.504933178929321258e+01
2.503996124727562034e+01
2.503157608484956498e+01
2.502417663304688134e+01
2.501776318398527010e+01
2.501233599085670889e+01
2.500789526791750106e+01
2.500444119047977409e+01
2.500197389490459798e+01
2.500049347859657090e+01
2.500000000000000000e+01
2.500049347859657090e+01
2.500197389490459798e+01
2.500444119047977409e+01
2.500789526791750106e+01
2.501233599085670889e+01
2.501776318398527010e+01
2.502417663304688134e+01
2.503157608484956143e+01
2.503996124727562389e+01
2.504933178929321258e+01
2.505968734096936856e+01
2.507102749348465309e+01
2.508335179914925206e+01
2.509665977142068627e+01
2.511095088492299965e+01
2.512622457546749644e+01
2.514248024007503091e+01
2.515971723699978924e+01
2.517793488575465588e+01
2.519713246713805432e+01
2.521730922326233681e+01
2.523846435758371953e+01
2.526059703493372410e+01
2.528370638155215033e+01
2.530779148512155530e+01
2.533285139480329562e+01
2.535888512127504768e+01
2.538589163676986615e+01
2.541386987511675599e+01
2.544281873178278275e+01
2.547273706391664660e+01
2.550362369039382671e+01
2.553547739186319987e+01
2.556829691079516209e+01
2.560208095153131680e+01
2.563682818033557353e+01
2.567253722544683470e+01
2.570920667713314955e+01
2.574683508774735685e+01
2.578542097178422310e+01
2.582496280593912275e+01
2.586545902916815720e+01
2.590690804274975889e+01
2.594930821034784785e+01
2.599265785807642359e+01
2.603695527456560654e+01
2.608219871102923904e+01
2.612838638133392521e+01
2.617551646206952398e+01
2.622358709262115894e+01
2.627259637524263880e+01
2.632254237513139117e+01
2.637342312050488147e+01
2.642523660267838892e+01
2.647798077614435996e+01
2.653165355865314012e+01
2.658625283129519445e+01
2.664177643858469935e+01
2.669822218854472240e+01
2.675558785279370966e+01
2.681387116663346504e+01
2.687306982913854370e+01
2.693318150324713045e+01
2.699420381585324691e+01
2.705613435790047561e+01
2.711897068447705905e+01
2.718271031491242340e+01
2.724735073287510545e+01
2.731288938647207942e+01
2.737932368834951191e+01
2.744665101579492372e+01
2.751486871084072661e+01
2.758397408036909937e+01
2.765396439621839875e+01
2.772483689529081019e+01
2.779658877966139130e+01
2.786921721668861807e+01
2.794271933912616390e+01
2.801709224523609265e+01
2.809233299890340518e+01
2.816843862975199642e+01
2.824540613326186644e+01
2.832323247088775275e+01
2.840191457017911603e+01
2.848144932490140135e+01
2.856183359515869213e+01
2.864306420751762516e+01
2.872513795513270551e+01
2.880805159787291458e+01
2.889180186244962556e+01
2.897638544254576942e+01
2.906179899894644691e+01
2.914803915967073067e+01
2.923510252010468946e+01
2.932298564313595435e+01
2.941168505928930799e+01
2.950119726686369503e+01
2.959151873207039429e+01
2.968264588917265456e+01
2.977457514062631105e+01
2.986730285722195433e+01
2.996082537822808334e+01
3.005513901153571865e+01
3.015024003380411699e+01
3.024612469060774700e+01
3.034278919658452978e+01
3.044022973558529088e+01
3.053844246082441671e+01
3.063742349503165130e+01
3.073716893060526090e+01
3.083767482976625374e+01
3.093893722471381125e+01
3.104095211778195562e+01
3.114371548159739689e+01
3.124722325923851329e+01
3.135147136439544013e+01
3.145645568153152283e+01
3.156217206604564751e+01
3.166861634443600693e+01
3.177578431446471185e+01
3.188367174532382720e+01
3.199227437780231398e+01
3.210158792445422904e+01
3.221160806976786972e+01
3.232233047033631124e+01
3.243375075502877536e+01
3.254586452516318218e+01
3.265866735467986359e+01
3.277215479031629286e+01
3.288632235178279473e+01
3.300116553193952029e+01
3.311667979697438113e+01
3.323286058658198527e+01
3.334970331414371003e+01
3.346720336690870568e+01
3.358535610617608569e+01
3.370415686747803363e+01
3.382360096076389055e+01
3.394368367058538638e+01
3.406440025628273816e+01
3.418574595217189938e+01
3.430771596773249144e+01
3.443030548779718458e+01
3.455350967274163310e+01
3.467732365867558997e+01
3.480174255763485291e+01
3.492676145777438279e+01
3.505237542356204017e+01
3.517857949597352274e+01
3.530536869268816247e+01
3.543273800828558251e+01
3.556068241444330624e+01
3.568919686013524029e+01
3.581827627183108831e+01
3.594791555369673119e+01
3.607810958779530353e+01
3.620885323428923641e+01
3.634014133164325955e+01
3.647196869682812093e+01
3.660433012552509524e+01
3.673722039233164338e+01
3.687063425096759772e+01
3.700456643448226401e+01
3.713901165546233329e+01
3.727396460624071750e+01
3.740941995910597484e+01
3.754537236651273702e+01
3.768181646129271201e+01
3.781874685686668158e+01
3.795615814745711702e+01
3.809404490830153378e+01
3.823240169586668458e+01
3.837122304806353412e+01
3.851050348446280935e+01
3.865023750651132417e+01
3.879041959774917814e+01
3.893104422402745968e+01
3.907210583372668822e+01
3.921359885797602374e+01
3.935551771087317263e+01
3.949785678970484781e+01
3.964061047516788960e+01
3.978377313159127482e+01
3.992733910715843137e+01
4.007130273413049082e+01
4.021565832906993876e+01
4.036040019306507531e+01
4.050552261195495163e+01
4.065101985655500272e+01
4.079688618288305690e+01
4.094311583238635421e+01
4.108970303216874242e+01
4.123664199521851970e+01
4.138392692063705880e+01
4.153155199386771557e+01
4.167951138692534130e+01
4.182779925862644177e+01
4.197640975481975545e+01
4.212533700861736463e+01
4.227457514062631105e+01
4.242411825918065915e+01
4.257396046057412775e+01
4.272409582929321203e+01
4.287451843825059683e+01
4.302522234901925913e+01
4.317620161206684770e+01
4.332745026699062407e+01
4.347896234275258109e+01
4.363073185791544262e+01
4.378275282087861342e+01
4.393501923011481125e+01
4.408752507440686941e+01
4.424026433308523565e+01
4.439323097626548531e+01
4.454641896508643839e+01
4.469982225194862480e+01
4.485343478075294854e+01
4.500725048713982090e+01
4.516126329872849965e+01
4.531546713535688298e+01
4.546985590932158061e+01
4.562442352561809855e+01
4.577916388218164201e+01
4.593407087012788992e+01
4.608913837399424551e+01
4.624436027198107979e+01
4.639973043619369264e+01
4.655524273288403236e+01
4.671089102269293392e+01
4.686666916089238555e+01
4.702257099762825732e+01
4.717859037816297274e+01
4.733472114311850731e+01
4.749095712871962149e+01
4.764729216703712922e+01
4.780372008623141511e+01
4.796023471079607248e+01
4.811682986180168342e+01
4.827349935713984763e+01
4.843023701176716855e+01
4.858703663794938166e+01
4.874389204550574561e+01
4.890079704205339794e+01
4.905774543325164672e+01
4.921473102304678804e+01
4.937174761391655409e+01
4.952878900711479560e+01
4.968584900291617856e+01
4.984292140086103018e+01
4.999999999999999289e+01
5.015707859913897693e+01
5.031415099708381433e+01
5.047121099288519019e+01
5.062825238608343881e+01
5.078526897695321907e+01
5.094225456674836749e+01
5.109920295794661627e+01
5.125610795449424018e+01
5.141296336205060413e+01
5.156976298823281724e+01
5.172650064286014526e+01
5.188317013819833079e+01
5.203976528920394173e+01
5.219627991376857068e+01
5.235270783296286368e+01
5.250904287128036430e+01
5.266527885688149979e+01
5.282140962183703436e+01
5.297742900237174979e+01
5.313333083910760735e+01
5.328910897730705187e+01
5.344475726711593211e+01
5.360026956380631447e+01
5.375563972801892731e+01
5.391086162600576870e+01
5.406592912987209587e+01
5.422083611781834378e+01
5.437557647438188724e+01
5.453014409067843360e+01
5.468453286464312413e+01
5.483873670127150746e+01
5.499274951286016488e+01
5.514656521924701593e+01
5.530017774805136099e+01
5.545358103491356871e+01
5.560676902373452890e+01
5.575973566691477146e+01
5.591247492559311638e+01
5.606498076988517454e+01
5.621724717912135105e+01
5.636926814208457159e+01
5.652103765724742601e+01
5.667254973300938303e+01
5.682379838793311677e+01
5.697477765098072666e+01
5.712548156174938896e+01
5.727590417070679507e+01
5.742603953942588646e+01
5.757588174081935506e+01
5.772542485937368184e+01
5.787466299138260695e+01
5.802359024518023034e+01
5.817220074137357244e+01
5.832048861307466581e+01
5.846844800613227733e+01
5.861607307936292699e+01
5.876335800478146609e+01
5.891029696783125047e+01
5.905688416761366000e+01
5.920311381711695731e+01
5.934898014344500439e+01
5.949447738804501284e+01
5.963959980693491048e+01
5.978434167093004703e+01
5.992869726586951629e+01
6.007266089284156152e+01
6.021622686840873229e+01
6.035938952483209619e+01
6.050214321029514508e+01
6.064448228912681316e+01
6.078640114202398337e+01
6.092789416627332599e+01
6.106895577597252611e+01
6.120958040225080765e+01
6.134976249348866872e+01
6.148949651553718354e+01
6.162877695193645877e+01
6.176759830413332253e+01
6.190595509169847332e+01
6.204384185254286876e+01
6.218125314313331131e+01
6.231818353870728089e+01
6.245462763348727719e+01
6.259058004089401805e+01
6.272603539375928960e+01
6.286098834453765960e+01
6.299543356551772888e+01
6.312936574903239517e+01
6.326277960766836372e+01
6.339566987447491897e+01
6.352803130317188618e+01
6.365985866835673335e+01
6.379114676571074938e+01
6.392189041220468937e+01
6.405208444630326881e+01
6.418172372816891880e+01
6.431080313986477393e+01
6.443931758555667955e+01
6.456726199171440328e+01
6.469463130731182332e+01
6.482142050402649147e+01
6.494762457643795983e+01
6.507323854222562431e+01
6.519825744236513287e+01
6.532267634132441003e+01
6.544649032725834559e+01
6.556969451220282963e+01
6.569228403226750856e+01
6.581425404782811484e+01
6.593559974371724763e+01
6.605631632941461362e+01
6.617639903923610234e+01
6.629584313252196637e+01
6.641464389382392142e+01
6.653279663309129432e+01
6.665029668585628997e+01
6.676713941341799341e+01
6.688332020302560466e+01
6.699883446806049392e+01
6.711367764821721948e+01
6.722784520968372135e+01
6.734133264532012220e+01
6.745413547483681782e+01
6.756624924497121754e+01
6.767766952966368876e+01
6.778839193023213738e+01
6.789841207554577807e+01
6.800772562219765405e+01
6.811632825467616215e+01
6.822421568553528459e+01
6.833138365556399663e+01
6.843782793395435249e+01
6.854354431846849138e+01
6.864852863560454921e+01
6.875277674076147605e+01
6.885628451840258890e+01
6.895904788221804438e+01
6.906106277528618875e+01
6.916232517023374271e+01
6.926283106939473555e+01
6.936257650496834515e+01
6.946155753917557263e+01
6.955977026441470912e+01
6.965721080341548088e+01
6.975387530939225655e+01
6.984975996619587590e+01
6.994486098846427069e+01
7.003917462177190600e+01
7.013269714277805633e+01
7.022542485937367474e+01
7.031735411082735254e+01
7.040848126792960215e+01
7.049880273313630141e+01
7.058831494071068846e+01
7.067701435686404920e+01
7.076489747989532475e+01
7.085196084032926933e+01
7.093820100105354243e+01
7.102361455745422347e+01
7.110819813755037444e+01
7.119194840212708186e+01
7.127486204486730514e+01
7.135693579248237484e+01
7.143816640484129721e+01
7.151855067509859509e+01
7.159808542982088397e+01
7.167676752911225435e+01
7.175459386673813356e+01
7.183156137024801069e+01
7.190766700109659837e+01
7.198290775476390024e+01
7.205728066087382899e+01
7.213078278331138904e+01
7.220341122033860870e+01
7.227516310470919336e+01
7.234603560378160125e+01
7.241602591963089708e+01
7.248513128915926984e+01
7.255334898420507272e+01
7.262067631165049875e+01
7.268711061352792058e+01
7.275264926712489455e+01
7.281728968508755884e+01
7.288102931552293740e+01
7.294386564209952439e+01
7.300579618414676020e+01
7.306681849675287310e+01
7.312693017086145630e+01
7.318612883336652430e+01
7.324441214720627613e+01
7.330177781145528115e+01
7.335822356141530065e+01
7.341374716870480199e+01
7.346834644134685277e+01
7.352201922385563648e+01
7.357476339732160397e+01
7.362657687949511853e+01
7.367745762486860883e+01
7.372740362475735765e+01
7.377641290737884106e+01
7.382448353793046181e+01
7.387161361866607479e+01
7.391780128897076452e+01
7.396304472543440056e+01
7.400734214192357285e+01
7.405069178965214860e+01
7.409309195725023756e+01
7.413454097083183569e+01
7.417503719406087725e+01
7.421457902821578045e+01
7.425316491225264315e+01
7.429079332286684689e+01
7.432746277455316886e+01
7.436317181966443002e+01
7.439791904846867965e+01
7.443170308920483080e+01
7.446452260813680368e+01
7.449637630960617685e+01
7.452726293608334629e+01
7.455718126821722080e+01
7.458613012488324046e+01
7.461410836323013029e+01
7.464111487872494877e+01
7.466714860519670083e+01
7.469220851487844470e+01
7.471629361844784967e+01
7.473940296506627590e+01
7.476153564241627691e+01
7.478269077673766674e+01
7.480286753286193857e+01
7.482206511424534767e+01
7.484028276300020366e+01
7.485751975992496909e+01
7.487377542453251067e+01
7.488904911507700035e+01
7.490334022857931018e+01
7.491664820085074439e+01
7.492897250651535046e+01
7.494031265903063854e+01
7.495066821070679453e+01
7.496003875272437256e+01
7.496842391515043857e+01
7.497582336695312222e+01
7.498223681601473345e+01
7.498766400914328756e+01
7.499210473208249539e+01
7.499555880952021880e+01
7.499802610509540557e+01
7.499950652140343266e+01
7.500000000000000000e+01
7.499950652140343266e+01
7.499802610509540557e+01
7.499555880952021880e+01
7.499210473208249539e+01
7.498766400914328756e+01
7.498223681601473345e+01
7.497582336695312222e+01
7.496842391515043857e+01
7.496003875272437256e+01
7.495066821070679453e+01
7.494031265903063854e+01
7.492897250651535046e+01
7.491664820085074439e+01
7.490334022857931018e+01
7.488904911507700035e+01
7.487377542453251067e+01
7.485751975992496909e+01
7.484028276300020366e+01
7.482206511424533346e+01
7.480286753286193857e+01
7.478269077673766674e+01
7.476153564241627691e+01
7.473940296506627590e+01
7.471629361844784967e+01
7.469220851487844470e+01
7.466714860519670083e+01
7.464111487872494877e+01
7.461410836323014450e+01
7.458613012488324046e+01
7.455718126821722080e+01
7.452726293608336050e+01
7.449637630960617685e+01
7.446452260813680368e+01
7.443170308920483080e+01
7.439791904846867965e+01
7.436317181966443002e+01
7.432746277455316886e+01
7.429079332286684689e+01
7.425316491225265736e+01
7.421457902821578045e+01
7.417503719406087725e+01
7.413454097083184990e+01
7.409309195725023756e+01
7.405069178965214860e+01
7.400734214192357285e+01
7.396304472543440056e+01
7.391780128897075031e+01
7.387161361866607479e+01
7.382448353793046181e+01
7.377641290737884106e+01
7.372740362475737186e+01
7.367745762486859462e+01
7.362657687949511853e+01
7.357476339732161819e+01
7.352201922385563648e+01
7.346834644134683856e+01
7.341374716870481620e+01
7.335822356141530065e+01
7.330177781145528115e+01
7.324441214720629034e+01
7.318612883336652430e+01
7.312693017086147051e+01
7.306681849675287310e+01
7.300579618414674599e+01
7.294386564209953860e+01
7.288102931552293740e+01
7.281728968508757305e+01
7.275264926712489455e+01
7.268711061352793479e+01
7.262067631165049875e+01
7.255334898420507272e+01
7.248513128915928405e+01
7.241602591963089708e+01
7.234603560378160125e+01
7.227516310470919336e+01
7.220341122033860870e+01
7.213078278331138904e+01
7.205728066087381478e+01
7.198290775476391445e+01
7.190766700109658416e+01
7.183156137024802490e+01
7.175459386673814777e+01
7.167676752911224014e+01
7.159808542982089818e+01
7.151855067509859509e+01
7.143816640484131142e+01
7.135693579248238905e+01
7.127486204486729093e+01
7.119194840212708186e+01
7.110819813755037444e+01
7.102361455745423768e+01
7.093820100105355664e+01
7.085196084032929775e+01
7.076489747989531054e+01
7.067701435686404920e+01
7.058831494071068846e+01
7.049880273313630141e+01
7.040848126792961637e+01
7.031735411082735254e+01
7.022542485937366052e+01
7.013269714277805633e+01
7.003917462177190600e+01
6.994486098846429911e+01
6.984975996619587590e+01
6.975387530939227076e+01
6.965721080341549509e+01
6.955977026441469491e+01
6.946155753917558684e+01
6.936257650496835936e+01
6.926283106939473555e+01
6.916232517023374271e+01
6.906106277528618875e+01
6.895904788221804438e+01
6.885628451840260311e+01
6.875277674076150447e+01
6.864852863560454921e+01
6.854354431846850559e+01
6.843782793395435249e+01
6.833138365556398242e+01
6.822421568553531301e+01
6.811632825467616215e+01
6.800772562219766826e+01
6.789841207554579228e+01
6.778839193023210896e+01
6.767766952966371719e+01
6.756624924497123175e+01
6.745413547483681782e+01
6.734133264532013641e+01
6.722784520968373556e+01
6.711367764821720527e+01
6.699883446806047971e+01
6.688332020302561887e+01
6.676713941341797920e+01
6.665029668585631839e+01
6.653279663309129432e+01
6.641464389382392142e+01
6.629584313252198058e+01
6.617639903923608813e+01
6.605631632941464204e+01
6.593559974371724763e+01
6.581425404782811484e+01
6.569228403226752278e+01
6.556969451220280121e+01
6.544649032725835980e+01
6.532267634132441003e+01
6.519825744236514709e+01
6.507323854222563853e+01
6.494762457643795983e+01
6.482142050402647726e+01
6.469463130731183753e+01
6.456726199171441749e+01
6.443931758555667955e+01
6.431080313986480235e+01
6.418172372816891880e+01
6.405208444630324038e+01
6.392189041220471779e+01
6.379114676571074938e+01
6.365985866835676177e+01
6.352803130317190039e+01
6.339566987447489055e+01
6.326277960766837793e+01
6.312936574903238807e+01
6.299543356551774309e+01
6.286098834453767381e+01
6.272603539375930382e+01
6.259058004089401095e+01
6.245462763348727009e+01
6.231818353870729510e+01
6.218125314313328289e+01
6.204384185254290429e+01
6.190595509169847332e+01
6.176759830413331542e+01
6.162877695193647298e+01
6.148949651553717644e+01
6.134976249348869715e+01
6.120958040225080055e+01
6.106895577597254032e+01
6.092789416627333310e+01
6.078640114202395495e+01
6.064448228912680605e+01
6.050214321029515929e+01
6.035938952483211040e+01
6.021622686840874650e+01
6.007266089284155441e+01
5.992869726586950918e+01
5.978434167093006124e+01
5.963959980693492469e+01
5.949447738804501284e+01
5.934898014344504702e+01
5.920311381711695020e+01
5.905688416761361026e+01
5.891029696783128600e+01
5.876335800478145899e+01
5.861607307936296252e+01
5.846844800613229154e+01
5.832048861307463739e+01
5.817220074137358665e+01
5.802359024518023034e+01
5.787466299138262116e+01
5.772542485937369605e+01
5.757588174081936927e+01
5.742603953942585804e+01
5.727590417070678797e+01
5.712548156174941028e+01
5.697477765098074087e+01
5.682379838793315230e+01
5.667254973300937593e+01
5.652103765724741891e+01
5.636926814208456449e+01
5.621724717912134395e+01
5.606498076988521007e+01
5.591247492559310928e+01
5.575973566691476435e+01
5.560676902373454311e+01
5.545358103491354029e+01
5.530017774805139652e+01
5.514656521924703014e+01
5.499274951286018620e+01
5.483873670127152167e+01
5.468453286464309571e+01
5.453014409067842649e+01
5.437557647438190145e+01
5.422083611781835799e+01
5.406592912987206745e+01
5.391086162600580423e+01
5.375563972801892021e+01
5.360026956380630736e+01
5.344475726711596764e+01
5.328910897730704477e+01
5.313333083910764287e+01
5.297742900237174268e+01
5.282140962183700594e+01
5.266527885688152111e+01
5.250904287128035719e+01
5.235270783296285657e+01
5.219627991376858489e+01
5.203976528920395594e+01
5.188317013819834500e+01
5.172650064286013816e+01
5.156976298823283145e+01
5.141296336205062545e+01
5.125610795449426149e+01
5.109920295794660916e+01
5.094225456674836039e+01
5.078526897695321196e+01
5.062825238608341039e+01
5.047121099288522572e+01
5.031415099708380723e+01
5.015707859913901956e+01
5.000000000000000711e+01
4.984292140086100176e+01
4.968584900291621409e+01
4.952878900711478849e+01
4.937174761391656830e+01
4.921473102304680936e+01
4.905774543325161829e+01
4.890079704205336952e+01
4.874389204550575982e+01
4.858703663794939587e+01
4.843023701176718276e+01
4.827349935713988316e+01
4.811682986180167632e+01
4.796023471079606537e+01
4.780372008623143643e+01
4.764729216703712211e+01
4.749095712871965702e+01
4.733472114311850021e+01
4.717859037816292300e+01
4.702257099762827153e+01
4.686666916089237844e+01
4.671089102269297655e+01
4.655524273288405368e+01
4.639973043619370685e+01
4.624436027198109400e+01
4.608913837399421709e+01
4.593407087012790413e+01
4.577916388218166333e+01
4.562442352561811276e+01
4.546985590932154508e+01
4.531546713535687587e+01
4.516126329872849254e+01
4.500725048713983512e+01
4.485343478075299117e+01
4.469982225194861769e+01
4.454641896508647392e+01
4.439323097626547820e+01
4.424026433308520723e+01
4.408752507440690493e+01
4.393501923011480415e+01
4.378275282087862763e+01
4.363073185791545683e+01
4.347896234275255267e+01
4.332745026699063828e+01
4.317620161206686191e+01
4.302522234901927334e+01
4.287451843825061104e+01
4.272409582929322625e+01
4.257396046057411354e+01
4.242411825918065205e+01
4.227457514062632526e+01
4.212533700861735753e+01
4.197640975481979098e+01
4.182779925862643466e+01
4.167951138692534130e+01
4.153155199386772978e+01
4.138392692063705169e+01
4.123664199521855522e+01
4.108970303216872821e+01
4.094311583238636842e+01
4.079688618288307111e+01
4.065101985655497430e+01
4.050552261195496584e+01
4.036040019306508952e+01
4.021565832906995297e+01
4.007130273413050503e+01
3.992733910715842427e+01
3.978377313159127482e+01
3.964061047516790381e+01
3.949785678970485492e+01
3.935551771087317263e+01
3.921359885797605926e+01
3.907210583372668111e+01
3.893104422402743126e+01
3.879041959774921366e+01
3.865023750651131706e+01
3.851050348446284488e+01
3.837122304806354833e+01
3.823240169586666326e+01
3.809404490830154799e+01
3.795615814745710992e+01
3.781874685686669579e+01
3.768181646129271911e+01
3.754537236651275123e+01
3.740941995910596773e+01
3.727396460624071040e+01
3.713901165546234751e+01
3.700456643448227823e+01
3.687063425096762614e+01
3.673722039233163628e+01
3.660433012552508814e+01
3.647196869682811382e+01
3.634014133164325244e+01
3.620885323428927194e+01
3.607810958779529642e+01
3.594791555369673830e+01
3.581827627183110252e+01
3.568919686013521186e+01
3.556068241444334177e+01
3.543273800828559672e+01
3.530536869268817668e+01
3.517857949597353695e+01
3.505237542356201175e+01
3.492676145777437569e+01
3.480174255763486713e+01
3.467732365867559707e+01
3.455350967274162599e+01
3.443030548779721300e+01
3.430771596773249144e+01
3.418574595217189227e+01
3.406440025628277368e+01
3.394368367058537928e+01
3.382360096076392608e+01
3.370415686747803363e+01
3.358535610617606437e+01
3.346720336690871989e+01
3.334970331414369582e+01
3.323286058658199238e+01
3.311667979697439534e+01
3.300116553193953450e+01
3.288632235178280894e+01
3.277215479031627865e+01
3.265866735467987780e+01
3.254586452516319639e+01
3.243375075502878246e+01
3.232233047033630413e+01
3.221160806976786262e+01
3.210158792445422193e+01
3.199227437780231043e+01
3.188367174532385206e+01
3.177578431446470475e+01
3.166861634443603180e+01
3.156217206604566172e+01
3.145645568153150151e+01
3.135147136439546500e+01
3.124722325923850974e+01
3.114371548159740755e+01
3.104095211778196273e+01
3.093893722471378993e+01
3.083767482976625018e+01
3.073716893060526800e+01
3.063742349503166196e+01
3.053844246082442737e+01
3.044022973558531575e+01
3.034278919658452267e+01
3.024612469060774345e+01
3.015024003380412765e+01
3.005513901153571510e+01
2.996082537822810821e+01
2.986730285722195077e+01
2.977457514062629329e+01
2.968264588917266167e+01
2.959151873207039429e+01
2.950119726686371635e+01
2.941168505928931509e+01
2.932298564313596145e+01
2.923510252010469657e+01
2.914803915967071646e+01
2.906179899894645757e+01
2.897638544254577653e+01
2.889180186244963267e+01
2.880805159787291103e+01
2.872513795513270196e+01
2.864306420751762516e+01
2.856183359515867792e+01
2.848144932490141912e+01
2.840191457017911247e+01
2.832323247088777052e+01
2.824540613326186289e+01
2.816843862975198221e+01
2.809233299890342295e+01
2.801709224523609265e+01
2.794271933912617101e+01
2.786921721668862872e+01
2.779658877966137709e+01
2.772483689529079598e+01
2.765396439621840585e+01
2.758397408036910647e+01
2.751486871084073016e+01
2.744665101579494149e+01
2.737932368834950836e+01
2.731288938647207942e+01
2.724735073287511256e+01
2.718271031491241985e+01
2.711897068447707326e+01
2.705613435790047205e+01
2.699420381585322559e+01
2.693318150324713756e+01
2.687306982913854370e+01
2.681387116663347925e+01
2.675558785279371676e+01
2.669822218854472951e+01
2.664177643858470645e+01
2.658625283129518735e+01
2.653165355865314723e+01
2.647798077614436707e+01
2.642523660267839247e+01
2.637342312050487436e+01
2.632254237513138762e+01
2.627259637524263525e+01
2.622358709262116605e+01
2.617551646206953819e+01
2.612838638133392166e+01
2.608219871102924969e+01
2.603695527456560299e+01
2.599265785807641649e+01
2.594930821034785851e+01
2.590690804274975534e+01
2.586545902916815365e+01
2.582496280593912630e+01
2.578542097178421599e+01
2.574683508774736040e+01
2.570920667713314955e+01
2.567253722544683825e+01
2.563682818033557353e+01
2.560208095153132035e+01
2.556829691079515854e+01
2.553547739186319987e+01
2.550362369039383026e+01
2.547273706391664305e+01
2.544281873178278630e+01
2.541386987511675599e+01
2.538589163676986615e+01
2.535888512127505123e+01
2.533285139480329207e+01
2.530779148512156240e+01
2.528370638155214678e+01
2.526059703493372766e+01
2.523846435758372309e+01
2.521730922326233326e+01
2.519713246713805432e+01
2.517793488575465588e+01
2.515971723699978924e+01
2.514248024007503091e+01
2.512622457546749644e+01
2.511095088492299965e+01
2.509665977142068982e+01
2.508335179914925206e+01
2.507102749348465309e+01
2.505968734096937212e+01
2.504933178929321258e+01
2.503996124727562034e+01
2.503157608484956498e+01
2.502417663304688134e+01
2.501776318398527010e+01
2.501233599085670889e+01
2.500789526791749751e+01
2.500444119047977409e+01
2.500197389490459798e+01
2.500049347859657090e+01
2.500000000000000000e+01
2.500049347859657090e+01
2.500197389490459798e+01
2.500444119047977409e+01
2.500789526791750106e+01
2.501233599085670889e+01
2.501776318398526655e+01
2.502417663304688134e+01
2.503157608484956498e+01
2.503996124727562389e+01
2.504933178929321258e+01
2.505968734096936501e+01
2.507102749348465309e+01
2.508335179914925206e+01
2.509665977142068627e+01
2.511095088492300320e+01
2.512622457546749288e+01
2.514248024007502735e+01
2.515971723699978924e+01
2.517793488575465588e+01
2.519713246713805432e+01
2.521730922326233681e+01
2.523846435758371953e+01
2.526059703493372410e+01
2.528370638155215389e+01
2.530779148512155174e+01
2.533285139480329917e+01
2.535888512127504768e+01
2.538589163676986260e+01
2.541386987511675954e+01
2.544281873178277564e+01
2.547273706391664660e+01
2.550362369039383381e+01
2.553547739186319276e+01
2.556829691079516564e+01
2.560208095153131680e+01
2.563682818033556998e+01
2.567253722544683114e+01
2.570920667713314600e+01
2.574683508774735685e+01
2.578542097178421955e+01
2.582496280593911919e+01
2.586545902916814654e+01
2.590690804274975889e+01
2.594930821034785495e+01
2.599265785807642004e+01
2.603695527456561010e+01
2.608219871102923193e+01
2.612838638133392877e+01
2.617551646206951332e+01
2.622358709262115539e+01
2.627259637524264235e+01
2.632254237513138406e+01
2.637342312050488147e+01
2.642523660267838537e+01
2.647798077614435641e+01
2.653165355865315433e+01
2.658625283129519445e+01
2.664177643858469935e+01
2.669822218854472240e+01
2.675558785279370966e+01
2.681387116663345793e+01
2.687306982913855080e+01
2.693318150324712690e+01
2.699420381585323625e+01
2.705613435790047916e+01
2.711897068447704839e+01
2.718271031491243050e+01
2.724735073287512321e+01
2.731288938647206876e+01
2.737932368834951902e+01
2.744665101579491306e+01
2.751486871084072305e+01
2.758397408036909582e+01
2.765396439621839519e+01
2.772483689529080664e+01
2.779658877966138775e+01
2.786921721668861451e+01
2.794271933912616035e+01
2.801709224523610331e+01
2.809233299890341229e+01
2.816843862975199286e+01
2.824540613326185223e+01
2.832323247088773854e+01
2.840191457017912313e+01
2.848144932490138714e+01
2.856183359515868858e+01
2.864306420751763582e+01
2.872513795513269130e+01
2.880805159787292169e+01
2.889180186244962201e+01
2.897638544254576587e+01
2.906179899894646823e+01
2.914803915967070225e+01
2.923510252010468591e+01
2.932298564313595080e+01
2.941168505928930443e+01
2.950119726686367727e+01
2.959151873207040850e+01
2.968264588917265101e+01
2.977457514062630750e+01
2.986730285722196498e+01
2.996082537822806913e+01
3.005513901153572931e+01
3.015024003380411344e+01
3.024612469060773279e+01
3.034278919658453688e+01
3.044022973558527667e+01
3.053844246082441316e+01
3.063742349503164775e+01
3.073716893060525734e+01
3.083767482976626084e+01
3.093893722471380414e+01
3.104095211778194852e+01
3.114371548159739334e+01
3.124722325923849553e+01
3.135147136439545434e+01
3.145645568153151928e+01
3.156217206604564751e+01
3.166861634443598916e+01
3.177578431446472251e+01
3.188367174532380943e+01
3.199227437780232464e+01
3.210158792445424325e+01
3.221160806976784841e+01
3.232233047033631834e+01
3.243375075502873983e+01
3.254586452516317507e+01
3.265866735467989201e+01
3.277215479031626444e+01
3.288632235178278762e+01
3.300116553193952029e+01
3.311667979697438113e+01
3.323286058658197817e+01
3.334970331414372424e+01
3.346720336690870568e+01
3.358535610617608569e+01
3.370415686747801942e+01
3.382360096076386924e+01
3.394368367058539349e+01
3.406440025628275237e+01
3.418574595217187806e+01
3.430771596773250565e+01
3.443030548779716327e+01
3.455350967274164020e+01
3.467732365867558286e+01
3.480174255763485291e+01
3.492676145777439700e+01
3.505237542356199754e+01
3.517857949597351563e+01
3.530536869268816247e+01
3.543273800828558251e+01
3.556068241444332045e+01
3.568919686013522607e+01
3.581827627183108120e+01
3.594791555369672409e+01
3.607810958779531063e+01
3.620885323428921510e+01
3.634014133164327376e+01
3.647196869682809250e+01
3.660433012552506682e+01
3.673722039233165759e+01
3.687063425096757641e+01
3.700456643448225691e+01
3.713901165546236882e+01
3.727396460624069618e+01
3.740941995910598905e+01
3.754537236651272991e+01
3.768181646129270490e+01
3.781874685686667448e+01
3.795615814745708860e+01
3.809404490830152668e+01
3.823240169586668458e+01
3.837122304806352702e+01
3.851050348446278093e+01
3.865023750651133838e+01
3.879041959774919235e+01
3.893104422402745257e+01
3.907210583372670243e+01
3.921359885797599532e+01
3.935551771087318684e+01
3.949785678970484071e+01
3.964061047516788250e+01
3.978377313159128903e+01
3.992733910715840295e+01
4.007130273413048371e+01
4.021565832906993165e+01
4.036040019306506821e+01
4.050552261195498716e+01
4.065101985655499561e+01
4.079688618288304980e+01
4.094311583238634711e+01
4.108970303216875664e+01
4.123664199521849127e+01
4.138392692063708012e+01
4.153155199386770846e+01
4.167951138692531998e+01
4.182779925862645598e+01
4.197640975481972703e+01
4.212533700861737884e+01
4.227457514062634658e+01
4.242411825918063073e+01
4.257396046057414196e+01
4.272409582929320493e+01
4.287451843825058972e+01
4.302522234901925202e+01
4.317620161206684770e+01
4.332745026699061697e+01
4.347896234275257399e+01
4.363073185791543551e+01
4.378275282087861342e+01
4.393501923011482546e+01
4.408752507440688362e+01
4.424026433308522854e+01
4.439323097626549952e+01
4.454641896508640997e+01
4.469982225194864611e+01
4.485343478075292012e+01
4.500725048713981380e+01
4.516126329872851386e+01
4.531546713535685456e+01
4.546985590932157351e+01
4.562442352561809145e+01
4.577916388218163490e+01
4.593407087012793255e+01
4.608913837399423841e+01
4.624436027198107269e+01
4.639973043619368553e+01
4.655524273288403236e+01
4.671089102269290549e+01
4.686666916089239976e+01
4.702257099762825021e+01
4.717859037816294432e+01
4.733472114311852152e+01
4.749095712871959307e+01
4.764729216703714343e+01
4.780372008623145774e+01
4.796023471079604406e+01
4.811682986180169763e+01
4.827349935713981921e+01
4.843023701176716145e+01
4.858703663794937455e+01
4.874389204550573851e+01
4.890079704205339084e+01
4.905774543325163961e+01
4.921473102304678804e+01
4.937174761391654698e+01
4.952878900711480981e+01
4.968584900291619277e+01
4.984292140086102307e+01
4.999999999999998579e+01
5.015707859913894850e+01
5.031415099708382854e+01
5.047121099288516177e+01
5.062825238608343170e+01
5.078526897695323328e+01
5.094225456674833907e+01
5.109920295794663048e+01
5.125610795449424018e+01
5.141296336205060413e+01
5.156976298823285987e+01
5.172650064286011684e+01
5.188317013819832368e+01
5.203976528920393463e+01
5.219627991376856357e+01
5.235270783296283525e+01
5.250904287128037851e+01
5.266527885688149979e+01
5.282140962183703436e+01
5.297742900237176400e+01
5.313333083910757892e+01
5.328910897730706608e+01
5.344475726711594632e+01
5.360026956380628604e+01
5.375563972801894863e+01
5.391086162600574028e+01
5.406592912987208877e+01
5.422083611781833667e+01
5.437557647438188013e+01
5.453014409067844781e+01
5.468453286464312413e+01
5.483873670127150035e+01
5.499274951286015778e+01
5.514656521924700883e+01
5.530017774805137520e+01
5.545358103491356871e+01
5.560676902373452180e+01
5.575973566691475014e+01
5.591247492559313059e+01
5.606498076988514612e+01
5.621724717912136526e+01
5.636926814208458580e+01
5.652103765724740470e+01
5.667254973300939724e+01
5.682379838793308835e+01
5.697477765098072666e+01
5.712548156174943159e+01
5.727590417070676665e+01
5.742603953942587935e+01
5.757588174081934795e+01
5.772542485937367474e+01
5.787466299138259984e+01
5.802359024518024455e+01
5.817220074137356534e+01
5.832048861307465870e+01
5.846844800613227022e+01
5.861607307936290567e+01
5.876335800478148030e+01
5.891029696783126468e+01
5.905688416761363158e+01
5.920311381711697152e+01
5.934898014344498307e+01
5.949447738804502706e+01
5.963959980693491048e+01
5.978434167093004703e+01
5.992869726586953050e+01
6.007266089284153310e+01
6.021622686840872518e+01
6.035938952483209619e+01
6.050214321029513798e+01
6.064448228912682737e+01
6.078640114202397626e+01
6.092789416627331889e+01
6.106895577597252611e+01
6.120958040225082186e+01
6.134976249348864030e+01
6.148949651553719775e+01
6.162877695193645167e+01
6.176759830413329411e+01
6.190595509169848754e+01
6.204384185254284745e+01
6.218125314313330421e+01
6.231818353870731642e+01
6.245462763348724877e+01
6.259058004089403227e+01
6.272603539375928250e+01
6.286098834453765249e+01
6.299543356551772177e+01
6.312936574903236675e+01
6.326277960766835662e+01
6.339566987447491186e+01
6.352803130317188618e+01
6.365985866835670492e+01
6.379114676571076359e+01
6.392189041220470358e+01
6.405208444630325459e+01
6.418172372816893301e+01
6.431080313986474550e+01
6.443931758555669376e+01
6.456726199171436065e+01
6.469463130731182332e+01
6.482142050402649147e+01
6.494762457643794562e+01
6.507323854222562431e+01
6.519825744236513287e+01
6.532267634132439582e+01
6.544649032725837401e+01
6.556969451220281542e+01
6.569228403226750856e+01
6.581425404782810062e+01
6.593559974371723342e+01
6.605631632941458520e+01
6.617639903923611655e+01
6.629584313252196637e+01
6.641464389382389299e+01
6.653279663309130854e+01
6.665029668585626155e+01
6.676713941341799341e+01
6.688332020302563308e+01
6.699883446806046550e+01
6.711367764821721948e+01
6.722784520968367872e+01
6.734133264532012220e+01
6.745413547483680361e+01
6.756624924497121754e+01
6.767766952966368876e+01
6.778839193023213738e+01
6.789841207554576386e+01
6.800772562219765405e+01
6.811632825467617636e+01
6.822421568553528459e+01
6.833138365556399663e+01
6.843782793395433828e+01
6.854354431846846296e+01
6.864852863560456342e+01
6.875277674076146184e+01
6.885628451840258890e+01
6.895904788221805859e+01
6.906106277528617454e+01
6.916232517023374271e+01
6.926283106939473555e+01
6.936257650496833094e+01
6.946155753917560105e+01
6.955977026441468070e+01
6.965721080341546667e+01
6.975387530939225655e+01
6.984975996619587590e+01
6.994486098846425648e+01
7.003917462177192021e+01
7.013269714277804212e+01
7.022542485937367474e+01
7.031735411082736675e+01
7.040848126792957373e+01
7.049880273313630141e+01
7.058831494071068846e+01
7.067701435686403499e+01
7.076489747989532475e+01
7.085196084032925512e+01
7.093820100105354243e+01
7.102361455745422347e+01
7.110819813755037444e+01
7.119194840212708186e+01
7.127486204486729093e+01
7.135693579248237484e+01
7.143816640484129721e+01
7.151855067509858088e+01
7.159808542982088397e+01
7.167676752911225435e+01
7.175459386673813356e+01
7.183156137024799648e+01
7.190766700109659837e+01
7.198290775476388603e+01
7.205728066087382899e+01
7.213078278331138904e+01
7.220341122033860870e+01
7.227516310470920757e+01
7.234603560378158704e+01
7.241602591963089708e+01
7.248513128915928405e+01
7.255334898420505851e+01
7.262067631165048454e+01
7.268711061352792058e+01
7.275264926712489455e+01
7.281728968508755884e+01
7.288102931552293740e+01
7.294386564209952439e+01
7.300579618414676020e+01
7.306681849675288731e+01
7.312693017086144209e+01
7.318612883336653852e+01
7.324441214720627613e+01
7.330177781145526694e+01
7.335822356141531486e+01
7.341374716870478778e+01
7.346834644134685277e+01
7.352201922385563648e+01
7.357476339732160397e+01
7.362657687949513274e+01
7.367745762486860883e+01
7.372740362475735765e+01
7.377641290737884106e+01
7.382448353793046181e+01
7.387161361866607479e+01
7.391780128897076452e+01
7.396304472543440056e+01
7.400734214192357285e+01
7.405069178965214860e+01
7.409309195725023756e+01
7.413454097083184990e+01
7.417503719406087725e+01
7.421457902821576624e+01
7.425316491225264315e+01
7.429079332286684689e+01
7.432746277455316886e+01
7.436317181966443002e+01
7.439791904846867965e+01
7.443170308920483080e+01
7.446452260813680368e+01
7.449637630960617685e+01
7.452726293608334629e+01
7.455718126821722080e+01
7.458613012488324046e+01
7.461410836323013029e+01
7.464111487872494877e+01
7.466714860519670083e+01
7.469220851487844470e+01
7.471629361844784967e+01
7.473940296506627590e+01
7.476153564241627691e+01
7.478269077673766674e+01
7.480286753286193857e+01
7.482206511424533346e+01
7.484028276300020366e+01
7.485751975992496909e+01
7.487377542453249646e+01
7.488904911507700035e+01
7.490334022857931018e+01
7.491664820085074439e+01
7.492897250651535046e+01
7.494031265903063854e+01
7.495066821070679453e+01
7.496003875272437256e+01
7.496842391515043857e+01
7.497582336695312222e+01
7.498223681601473345e+01
7.498766400914328756e+01
7.499210473208249539e+01
7.499555880952021880e+01
7.499802610509540557e+01
7.499950652140343266e+01
7.500000000000000000e+01
7.499950652140343266e+01
7.499802610509540557e+01
7.499555880952021880e+01
7.499210473208249539e+01
7.498766400914328756e+01
7.498223681601473345e+01
7.497582336695312222e+01
7.496842391515043857e+01
7.496003875272437256e+01
7.495066821070679453e+01
7.494031265903063854e+01
7.492897250651535046e+01
7.491664820085074439e+01
7.490334022857931018e+01
7.488904911507700035e+01
7.487377542453251067e+01
7.485751975992498330e+01
7.484028276300021787e+01
7.482206511424533346e+01
7.480286753286195278e+01
7.478269077673766674e+01
7.476153564241627691e+01
7.473940296506627590e+01
7.471629361844784967e+01
7.469220851487844470e+01
7.466714860519670083e+01
7.464111487872494877e+01
7.461410836323014450e+01
7.458613012488325467e+01
7.455718126821722080e+01
7.452726293608336050e+01
7.449637630960617685e+01
7.446452260813680368e+01
7.443170308920484501e+01
7.439791904846867965e+01
7.436317181966441581e+01
7.432746277455316886e+01
7.429079332286684689e+01
7.425316491225265736e+01
7.421457902821578045e+01
7.417503719406087725e+01
7.413454097083184990e+01
7.409309195725023756e+01
7.405069178965214860e+01
7.400734214192357285e+01
7.396304472543440056e+01
7.391780128897076452e+01
7.387161361866607479e+01
7.382448353793047602e+01
7.377641290737884106e+01
7.372740362475737186e+01
7.367745762486859462e+01
7.362657687949513274e+01
7.357476339732161819e+01
7.352201922385563648e+01
7.346834644134686698e+01
7.341374716870480199e+01
7.335822356141530065e+01
7.330177781145528115e+01
7.324441214720627613e+01
7.318612883336655273e+01
7.312693017086145630e+01
7.306681849675287310e+01
7.300579618414676020e+01
7.294386564209953860e+01
7.288102931552293740e+01
7.281728968508757305e+01
7.275264926712489455e+01
7.268711061352792058e+01
7.262067631165049875e+01
7.255334898420507272e+01
7.248513128915928405e+01
7.241602591963089708e+01
7.234603560378158704e+01
7.227516310470920757e+01
7.220341122033860870e+01
7.213078278331138904e+01
7.205728066087384320e+01
7.198290775476390024e+01
7.190766700109658416e+01
7.183156137024801069e+01
7.175459386673814777e+01
7.167676752911226856e+01
7.159808542982088397e+01
7.151855067509859509e+01
7.143816640484131142e+01
7.135693579248238905e+01
7.127486204486729093e+01
7.119194840212711028e+01
7.110819813755037444e+01
7.102361455745420926e+01
7.093820100105355664e+01
7.085196084032926933e+01
7.076489747989533896e+01
7.067701435686404920e+01
7.058831494071067425e+01
7.049880273313632983e+01
7.040848126792960215e+01
7.031735411082735254e+01
7.022542485937370316e+01
7.013269714277805633e+01
7.003917462177190600e+01
6.994486098846427069e+01
6.984975996619589012e+01
6.975387530939227076e+01
6.965721080341549509e+01
6.955977026441469491e+01
6.946155753917558684e+01
6.936257650496835936e+01
6.926283106939472134e+01
6.916232517023377113e+01
6.906106277528618875e+01
6.895904788221804438e+01
6.885628451840260311e+01
6.875277674076147605e+01
6.864852863560457763e+01
6.854354431846849138e+01
6.843782793395435249e+01
6.833138365556401084e+01
6.822421568553528459e+01
6.811632825467616215e+01
6.800772562219768247e+01
6.789841207554579228e+01
6.778839193023212317e+01
6.767766952966371719e+01
6.756624924497123175e+01
6.745413547483681782e+01
6.734133264532013641e+01
6.722784520968370714e+01
6.711367764821724791e+01
6.699883446806047971e+01
6.688332020302559044e+01
6.676713941341802183e+01
6.665029668585628997e+01
6.653279663309129432e+01
6.641464389382392142e+01
6.629584313252198058e+01
6.617639903923613076e+01
6.605631632941461362e+01
6.593559974371724763e+01
6.581425404782812905e+01
6.569228403226753699e+01
6.556969451220280121e+01
6.544649032725835980e+01
6.532267634132442424e+01
6.519825744236511866e+01
6.507323854222563853e+01
6.494762457643795983e+01
6.482142050402651989e+01
6.469463130731183753e+01
6.456726199171438907e+01
6.443931758555672218e+01
6.431080313986477393e+01
6.418172372816891880e+01
6.405208444630328302e+01
6.392189041220468937e+01
6.379114676571074938e+01
6.365985866835673335e+01
6.352803130317190750e+01
6.339566987447493318e+01
6.326277960766837793e+01
6.312936574903239517e+01
6.299543356551774309e+01
6.286098834453767381e+01
6.272603539375926829e+01
6.259058004089405358e+01
6.245462763348727719e+01
6.231818353870725957e+01
6.218125314313332552e+01
6.204384185254286876e+01
6.190595509169851596e+01
6.176759830413332253e+01
6.162877695193647298e+01
6.148949651553721907e+01
6.134976249348866162e+01
6.120958040225080765e+01
6.106895577597254743e+01
6.092789416627334020e+01
6.078640114202396205e+01
6.064448228912681316e+01
6.050214321029515929e+01
6.035938952483211750e+01
6.021622686840875360e+01
6.007266089284156152e+01
5.992869726586955892e+01
5.978434167093006835e+01
5.963959980693489626e+01
5.949447738804505548e+01
5.934898014344500439e+01
5.920311381711695731e+01
5.905688416761366000e+01
5.891029696783125047e+01
5.876335800478146609e+01
5.861607307936292699e+01
5.846844800613229154e+01
5.832048861307468712e+01
5.817220074137358665e+01
5.802359024518023034e+01
5.787466299138262116e+01
5.772542485937370316e+01
5.757588174081932664e+01
5.742603953942590778e+01
5.727590417070679507e+01
5.712548156174936764e+01
5.697477765098074798e+01
5.682379838793311677e+01
5.667254973300942567e+01
5.652103765724742601e+01
5.636926814208456449e+01
5.621724717912139369e+01
5.606498076988517454e+01
5.591247492559311638e+01
5.575973566691477146e+01
5.560676902373455022e+01
5.545358103491354740e+01
5.530017774805136099e+01
5.514656521924703725e+01
5.499274951286018620e+01
5.483873670127152877e+01
5.468453286464310281e+01
5.453014409067847623e+01
5.437557647438190855e+01
5.422083611781832246e+01
5.406592912987211719e+01
5.391086162600576159e+01
5.375563972801892731e+01
5.360026956380631447e+01
5.344475726711593211e+01
5.328910897730709451e+01
5.313333083910760024e+01
5.297742900237174979e+01
5.282140962183705568e+01
5.266527885688152821e+01
5.250904287128036430e+01
5.235270783296285657e+01
5.219627991376859200e+01
5.203976528920391331e+01
5.188317013819835211e+01
5.172650064286013816e+01
5.156976298823283855e+01
5.141296336205063255e+01
5.125610795449421886e+01
5.109920295794665890e+01
5.094225456674836749e+01
5.078526897695321907e+01
5.062825238608346012e+01
5.047121099288519019e+01
5.031415099708381433e+01
5.015707859913897693e+01
5.000000000000001421e+01
4.984292140086105150e+01
4.968584900291617856e+01
4.952878900711479560e+01
4.937174761391657540e+01
4.921473102304680936e+01
4.905774543325161829e+01
4.890079704205341926e+01
4.874389204550576693e+01
4.858703663794936034e+01
4.843023701176718987e+01
4.827349935713984763e+01
4.811682986180172605e+01
4.796023471079607248e+01
4.780372008623139379e+01
4.764729216703717185e+01
4.749095712871962149e+01
4.733472114311850731e+01
4.717859037816297274e+01
4.702257099762827863e+01
4.686666916089238555e+01
4.671089102269293392e+01
4.655524273288405368e+01
4.639973043619371396e+01
4.624436027198110111e+01
4.608913837399422420e+01
4.593407087012791123e+01
4.577916388218166333e+01
4.562442352561807724e+01
4.546985590932159482e+01
4.531546713535688298e+01
4.516126329872849965e+01
4.500725048713984222e+01
4.485343478075294854e+01
4.469982225194866743e+01
4.454641896508643839e+01
4.439323097626548531e+01
4.424026433308525696e+01
4.408752507440686941e+01
4.393501923011481125e+01
4.378275282087863474e+01
4.363073185791546393e+01
4.347896234275255978e+01
4.332745026699064539e+01
4.317620161206686902e+01
4.302522234901928044e+01
4.287451843825061815e+01
4.272409582929323335e+01
4.257396046057416328e+01
4.242411825918070178e+01
4.227457514062628974e+01
4.212533700861736463e+01
4.197640975481975545e+01
4.182779925862644177e+01
4.167951138692534130e+01
4.153155199386773688e+01
4.138392692063710143e+01
4.123664199521856233e+01
4.108970303216869269e+01
4.094311583238641106e+01
4.079688618288302848e+01
4.065101985655498140e+01
4.050552261195497294e+01
4.036040019306509663e+01
4.021565832906995297e+01
4.007130273413051214e+01
3.992733910715846690e+01
3.978377313159131745e+01
3.964061047516786829e+01
3.949785678970482650e+01
3.935551771087317263e+01
3.921359885797602374e+01
3.907210583372668111e+01
3.893104422402747389e+01
3.879041959774922077e+01
3.865023750651128864e+01
3.851050348446284488e+01
3.837122304806351281e+01
3.823240169586674142e+01
3.809404490830151246e+01
3.795615814745711702e+01
3.781874685686669579e+01
3.768181646129272622e+01
3.754537236651275123e+01
3.740941995910601037e+01
3.727396460624076013e+01
3.713901165546231198e+01
3.700456643448224270e+01
3.687063425096759772e+01
3.673722039233164338e+01
3.660433012552508814e+01
3.647196869682812093e+01
3.634014133164329508e+01
3.620885323428927194e+01
3.607810958779526800e+01
3.594791555369678093e+01
3.581827627183106699e+01
3.568919686013521897e+01
3.556068241444330624e+01
3.543273800828560383e+01
3.530536869268818378e+01
3.517857949597353695e+01
3.505237542356205438e+01
3.492676145777441832e+01
3.480174255763483870e+01
3.467732365867556865e+01
3.455350967274163310e+01
3.443030548779718458e+01
3.430771596773249144e+01
3.418574595217189938e+01
3.406440025628277368e+01
3.394368367058534375e+01
3.382360096076385503e+01
3.370415686747807626e+01
3.358535610617613543e+01
3.346720336690869146e+01
3.334970331414371003e+01
3.323286058658200659e+01
3.311667979697439534e+01
3.300116553193953450e+01
3.288632235178280894e+01
3.277215479031632128e+01
3.265866735467984938e+01
3.254586452516316797e+01
3.243375075502882510e+01
3.232233047033631124e+01
3.221160806976786972e+01
3.210158792445422904e+01
3.199227437780228200e+01
3.188367174532385917e+01
3.177578431446474028e+01
3.166861634443603535e+01
3.156217206604563330e+01
3.145645568153150862e+01
3.135147136439544013e+01
3.124722325923851329e+01
3.114371548159741465e+01
3.104095211778196983e+01
3.093893722471382546e+01
3.083767482976622176e+01
3.073716893060530353e+01
3.063742349503169393e+01
3.053844246082440250e+01
3.044022973558529088e+01
3.034278919658452978e+01
3.024612469060774700e+01
3.015024003380412765e+01
3.005513901153574352e+01
2.996082537822810821e+01
2.986730285722192946e+01
2.977457514062629684e+01
2.968264588917269364e+01
2.959151873207039429e+01
2.950119726686369503e+01
2.941168505928931864e+01
2.932298564313596501e+01
2.923510252010465393e+01
2.914803915967074488e+01
2.906179899894648244e+01
2.897638544254575876e+01
2.889180186244961135e+01
2.880805159787291458e+01
2.872513795513275170e+01
2.864306420751762516e+01
2.856183359515870279e+01
2.848144932490142267e+01
2.840191457017909471e+01
2.832323247088773144e+01
2.824540613326188776e+01
2.816843862975202839e+01
2.809233299890340518e+01
2.801709224523609265e+01
2.794271933912617456e+01
2.786921721668862872e+01
2.779658877966139841e+01
2.772483689529082085e+01
2.765396439621838454e+01
2.758397408036908871e+01
2.751486871084071595e+01
2.744665101579496280e+01
2.737932368834951191e+01
2.731288938647207942e+01
2.724735073287511611e+01
2.718271031491240564e+01
2.711897068447707682e+01
2.705613435790048982e+01
2.699420381585326112e+01
2.693318150324711979e+01
2.687306982913854370e+01
2.681387116663346504e+01
2.675558785279371676e+01
2.669822218854473306e+01
2.664177643858470645e+01
2.658625283129520511e+01
2.653165355865313302e+01
2.647798077614438483e+01
2.642523660267841024e+01
2.637342312050487436e+01
2.632254237513139117e+01
2.627259637524263880e+01
2.622358709262114118e+01
2.617551646206953819e+01
2.612838638133393587e+01
2.608219871102924969e+01
2.603695527456559233e+01
2.599265785807641649e+01
2.594930821034787272e+01
2.590690804274975889e+01
2.586545902916815720e+01
2.582496280593912630e+01
2.578542097178423020e+01
2.574683508774734264e+01
2.570920667713316021e+01
2.567253722544684891e+01
2.563682818033556643e+01
2.560208095153130969e+01
2.556829691079516209e+01
2.553547739186321763e+01
2.550362369039383026e+01
2.547273706391665371e+01
2.544281873178278985e+01
2.541386987511674889e+01
2.538589163676985905e+01
2.535888512127505834e+01
2.533285139480329562e+01
2.530779148512155530e+01
2.528370638155215033e+01
2.526059703493372766e+01
2.523846435758372309e+01
2.521730922326234037e+01
2.519713246713805788e+01
2.517793488575465588e+01
2.515971723699978568e+01
2.514248024007502735e+01
2.512622457546750354e+01
2.511095088492299965e+01
2.509665977142068982e+01
2.508335179914925561e+01
2.507102749348464599e+01
2.505968734096937212e+01
2.504933178929321258e+01
2.503996124727562744e+01
2.503157608484956143e+01
2.502417663304688134e+01
2.501776318398527010e+01
2.501233599085671244e+01
2.500789526791750106e+01
2.500444119047977409e+01
2.500197389490459798e+01
2.500049347859657090e+01
2.500000000000000000e+01
2.500049347859657090e+01
2.500197389490459798e+01
2.500444119047977409e+01
2.500789526791750106e+01
2.501233599085671244e+01
2.501776318398526655e+01
2.502417663304687778e+01
2.503157608484956143e+01
2.503996124727562389e+01
2.504933178929321258e+01
2.505968734096936501e+01
2.507102749348465309e+01
2.508335179914925206e+01
2.509665977142068627e+01
2.511095088492299610e+01
2.512622457546749999e+01
2.514248024007502025e+01
2.515971723699978213e+01
2.517793488575465943e+01
2.519713246713805432e+01
2.521730922326233681e+01
2.523846435758371598e+01
2.526059703493372410e+01
2.528370638155214678e+01
2.530779148512155174e+01
2.533285139480330628e+01
2.535888512127505479e+01
2.538589163676985194e+01
2.541386987511675954e+01
2.544281873178278275e+01
2.547273706391664660e+01
2.550362369039382671e+01
2.553547739186319276e+01
2.556829691079515499e+01
2.560208095153130614e+01
2.563682818033557709e+01
2.567253722544683825e+01
2.570920667713315311e+01
2.574683508774733198e+01
2.578542097178421955e+01
2.582496280593911919e+01
2.586545902916814299e+01
2.590690804274976955e+01
2.594930821034784074e+01
2.599265785807640583e+01
2.603695527456561010e+01
2.608219871102924259e+01
2.612838638133392521e+01
2.617551646206952753e+01
2.622358709262115539e+01
2.627259637524262814e+01
2.632254237513138051e+01
2.637342312050489213e+01
2.642523660267839958e+01
2.647798077614434220e+01
2.653165355865311881e+01
2.658625283129519445e+01
2.664177643858469580e+01
2.669822218854472240e+01
2.675558785279373808e+01
2.681387116663345438e+01
2.687306982913853304e+01
2.693318150324710913e+01
2.699420381585325046e+01
2.705613435790047561e+01
2.711897068447702708e+01
2.718271031491242695e+01
2.724735073287510190e+01
2.731288938647206521e+01
2.737932368834953678e+01
2.744665101579494859e+01
2.751486871084070174e+01
2.758397408036907450e+01
2.765396439621841296e+01
2.772483689529080664e+01
2.779658877966138419e+01
2.786921721668865359e+01
2.794271933912615680e+01
2.801709224523607844e+01
2.809233299890338742e+01
2.816843862975201418e+01
2.824540613326187000e+01
2.832323247088771367e+01
2.840191457017911958e+01
2.848144932490140491e+01
2.856183359515868503e+01
2.864306420751760740e+01
2.872513795513273038e+01
2.880805159787289682e+01
2.889180186244959714e+01
2.897638544254578719e+01
2.906179899894646823e+01
2.914803915967072356e+01
2.923510252010468236e+01
2.932298564313594724e+01
2.941168505928930088e+01
2.950119726686367372e+01
2.959151873207042982e+01
2.968264588917267233e+01
2.977457514062627908e+01
2.986730285722196143e+01
2.996082537822809044e+01
3.005513901153572220e+01
3.015024003380410988e+01
3.024612469060772924e+01
3.034278919658450846e+01
3.044022973558527312e+01
3.053844246082443803e+01
3.063742349503167262e+01
3.073716893060527866e+01
3.083767482976620045e+01
3.093893722471380414e+01
3.104095211778194852e+01
3.114371548159739334e+01
3.124722325923854882e+01
3.135147136439541882e+01
3.145645568153148730e+01
3.156217206604567238e+01
3.166861634443601403e+01
3.177578431446471541e+01
3.188367174532383430e+01
3.199227437780232108e+01
3.210158792445420772e+01
3.221160806976784841e+01
3.232233047033634676e+01
3.243375075502879668e+01
3.254586452516313955e+01
3.265866735467982807e+01
3.277215479031629286e+01
3.288632235178278052e+01
3.300116553193951319e+01
3.311667979697443798e+01
3.323286058658197817e+01
3.334970331414368161e+01
3.346720336690866304e+01
3.358535610617610701e+01
3.370415686747804784e+01
3.382360096076383371e+01
3.394368367058539349e+01
3.406440025628275237e+01
3.418574595217187095e+01
3.430771596773253407e+01
3.443030548779722722e+01
3.455350967274160467e+01
3.467732365867554734e+01
3.480174255763488134e+01
3.492676145777438990e+01
3.505237542356202596e+01
3.517857949597351563e+01
3.530536869268815536e+01
3.543273800828557540e+01
3.556068241444327782e+01
3.568919686013526160e+01
3.581827627183111673e+01
3.594791555369668146e+01
3.607810958779531063e+01
3.620885323428924352e+01
3.634014133164326665e+01
3.647196869682808540e+01
3.660433012552505971e+01
3.673722039233162207e+01
3.687063425096756930e+01
3.700456643448229244e+01
3.713901165546235461e+01
3.727396460624072461e+01
3.740941995910598195e+01
3.754537236651272281e+01
3.768181646129269780e+01
3.781874685686666737e+01
3.795615814745715966e+01
3.809404490830148404e+01
3.823240169586663484e+01
3.837122304806356254e+01
3.851050348446281646e+01
3.865023750651133128e+01
3.879041959774919235e+01
3.893104422402744547e+01
3.907210583372665269e+01
3.921359885797599532e+01
3.935551771087322237e+01
3.949785678970487623e+01
3.964061047516783987e+01
3.978377313159120376e+01
3.992733910715843848e+01
4.007130273413048371e+01
4.021565832906992455e+01
4.036040019306514637e+01
4.050552261195494452e+01
4.065101985655495298e+01
4.079688618288308533e+01
4.094311583238638264e+01
4.108970303216874242e+01
4.123664199521844864e+01
4.138392692063706590e+01
4.153155199386770136e+01
4.167951138692531288e+01
4.182779925862649151e+01
4.197640975481980519e+01
4.212533700861732910e+01
4.227457514062625421e+01
4.242411825918066626e+01
4.257396046057413486e+01
4.272409582929320493e+01
4.287451843825058262e+01
4.302522234901924492e+01
4.317620161206684060e+01
4.332745026699056723e+01
4.347896234275260952e+01
4.363073185791547104e+01
4.378275282087856368e+01
4.393501923011481836e+01
4.408752507440688362e+01
4.424026433308522144e+01
4.439323097626553505e+01
4.454641896508640286e+01
4.469982225194859637e+01
4.485343478075292012e+01
4.500725048713984933e+01
4.516126329872851386e+01
4.531546713535689008e+01
4.546985590932156640e+01
4.562442352561808434e+01
4.577916388218163490e+01
4.593407087012788281e+01
4.608913837399427393e+01
4.624436027198102295e+01
4.639973043619363580e+01
4.655524273288406789e+01
4.671089102269294813e+01
4.686666916089239265e+01
4.702257099762833548e+01
4.717859037816293721e+01
4.733472114311847179e+01
4.749095712871958597e+01
4.764729216703717896e+01
4.780372008623145064e+01
4.796023471079599432e+01
4.811682986180169053e+01
4.827349935713985474e+01
4.843023701176715434e+01
4.858703663794936745e+01
4.874389204550582377e+01
4.890079704205334110e+01
4.905774543325158987e+01
4.921473102304682357e+01
4.937174761391658251e+01
4.952878900711480981e+01
4.968584900291610040e+01
4.984292140086101597e+01
4.999999999999997868e+01
5.015707859913894850e+01
5.031415099708386407e+01
